ERA_width
699
373
246
491
540
431
371
358
368
422
623
580
372
277
327
271
291
251
482
259
679
842
238
287
577
337
251
576
395
542
756
731
458
563
329
387
369
522
359
253
577
231
324
616
785
331
248
451
286
351
660
376
430
360
610
636
588
349
213
215
329
622
541
523
672
552
459
472
211
319
704
852
417
259
217
430
818
248
633
223
782
292
687
338
658
1044
389
328
348
574
461
210
249
578
309
353
350
942
365
845
756
299
257
601
560
650
257
332
872
528
284
1420
325
682
429
248
424
220
688
593
421
715
891
1150
246
258
290
538
447
465
462
375
711
318
875
307
529
632
308
239
655
776
426
316
707
248
315
320
918
332
250
563
323
277
302
382
221
491
621
654
221
252
337
851
392
271
253
518
911
906
260
58
154
259
979
566
532
212
526
332
1257
404
269
321
319
377
404
465
287
336
420
572
850
358
985
281
227
402
242
1037
413
869
368
257
285
301
394
288
477
435
243
363
671
315
509
465
397
468
438
1538
402
560
504
383
360
330
302
227
643
774
259
923
242
354
298
215
530
862
470
556
841
267
366
220
466
550
219
695
743
415
277
769
401
249
423
243
354
315
278
386
371
533
359
682
243
512
333
794
448
1531
258
475
618
259
292
432
1707
516
256
488
289
992
439
1718
612
1176
438
708
458
312
297
712
562
574
783
408
885
415
481
431
630
1240
894
292
498
944
747
459
627
856
489
958
438
1020
443
621
294
425
439
298
255
409
523
294
298
487
466
276
286
467
396
960
477
501
646
356
569
396
876
636
465
608
780
223
282
362
323
329
740
672
503
480
286
407
471
277
351
471
474
561
424
1009
1147
513
378
663
347
243
706
663
432
503
272
495
405
698
639
710
359
785
577
377
368
671
675
229
286
1524
245
407
554
641
734
501
497
349
424
300
613
333
904
680
284
237
243
281
1539
1302
481
1333
411
710
714
408
620
630
423
826
507
292
816
693
1040
1180
539
747
466
310
387
827
382
477
337
608
600
542
442
459
445
540
492
216
800
1165
141
330
422
323
470
634
670
529
707
486
882
489
428
212
595
213
889
686
367
702
654
822
616
429
455
687
383
196
596
978
310
354
413
535
187
729
545
423
687
1363
646
511
516
938
560
149
1043
562
1053
441
611
276
578
148
630
300
225
234
319
404
325
616
947
204
297
389
52
562
339
614
745
614
498
354
452
167
329
755
691
42
1120
1242
545
142
908
802
719
403
704
555
245
330
489
493
498
472
811
284
796
287
899
661
94
695
728
308
434
268
615
429
506
718
243
653
323
552
940
539
1039
468
287
1106
602
775
359
246
427
546
386
512
290
695
1038
411
952
400
443
972
610
300
