ERB_width
699
325
373
246
318
431
471
371
368
504
623
580
341
277
336
365
271
251
482
243
332
683
498
842
309
395
359
361
213
576
542
612
623
350
329
633
263
364
249
577
504
616
224
331
249
286
623
376
319
430
861
644
624
279
288
442
217
523
745
552
719
472
348
404
319
352
704
362
673
335
288
284
616
514
307
293
314
619
393
496
578
309
424
312
735
365
314
845
408
321
299
290
553
691
427
358
1076
902
649
412
426
1317
442
479
431
212
682
228
248
747
536
636
421
215
715
821
478
409
465
281
457
220
419
919
669
748
486
251
438
220
339
655
524
426
373
512
289
316
504
812
384
323
321
491
621
434
529
471
337
370
252
337
1015
392
271
253
969
777
342
942
284
260
943
359
353
212
234
1008
321
377
333
392
572
314
299
497
210
349
418
628
718
609
216
226
560
460
29
447
790
332
325
315
227
323
840
394
475
434
424
560
504
383
668
227
643
528
999
508
557
835
470
814
366
343
469
637
414
769
824
358
587
43
543
249
423
748
307
300
225
511
527
278
276
419
558
455
359
492
658
243
862
443
979
220
460
375
499
475
393
214
432
1526
517
516
316
255
721
356
331
577
708
299
347
254
217
751
527
399
713
444
250
534
359
393
386
440
1023
828
837
579
537
627
738
639
871
407
473
439
218
325
386
294
373
442
240
236
495
463
399
584
924
407
87
261
363
771
691
361
438
465
354
608
780
282
402
323
367
740
349
336
237
351
333
474
238
780
492
738
1004
513
663
663
362
222
341
424
670
710
397
101
565
237
555
675
286
1280
364
620
327
505
367
494
107
293
1266
509
325
251
220
594
746
235
350
934
267
292
401
757
1047
379
429
216
675
283
387
760
332
530
294
241
361
575
656
386
345
296
527
762
314
489
428
253
595
213
545
550
888
234
497
228
455
505
49
596
407
915
354
654
278
268
450
535
295
765
385
292
790
366
560
761
828
541
525
447
228
225
315
319
463
363
616
947
135
604
297
389
52
655
732
292
656
219
499
603
692
452
329
456
691
42
1120
837
800
785
719
403
503
555
489
405
432
284
717
650
625
430
431
311
357
243
220
278
365
404
793
499
336
565
773
369
216
253
828
570
307
